
.2..... 5
222####
.2.....

..2....
.222...
..2#### 4

...2...
..222..
...2...
...#### 3

....2..
...222.
....2..
...#### 3

.....2.
....222
.....2.
...#### 3



308
300 306 303 303 301 306 301
300 306 303 303 301 306 301
300 306 303 303 301 306 301
300 306 303 303 301 306 301
300 306 303 303 301 306 301
300 306 303 303 301 306 301
300 306 303 303 301 306 301
300 306 303 303 301 306 301
300 306 303 303 301 306 301
300 306 303 303 301 306 301
300 306 303 303 301 306 301
300 306 303 303 301 306 301
300 306 303 303 301 306 301
300 306 303 303 301 306 301
300


75892
75873 75905 75880 75900 75885 75895 75881
75898 75872 75910 75871 75902 75872 75904

75877 75902 75876 75900 75883 75889 75903 75875 75900 75877 75899 75875 75905 75879 75899 75880 75897 75881 75895 75879 75902 75880 75898 75875 75906 75873 75906 75872 75906 75872 75913 75862 75914 75872 75908 75865 75912 75867 75912 75872 75908 75865 75908 75870 75905 75873 75907 75866 75919 75860 75918 75856 75920 75853 75921 75858 75924 75846 75926 75852 75926 75857 75917 75863 75914 75865 75917 75859 75912 75871 75908 75872 75904 75880 75899 75883 75900 75881 75897 75874 75908 75869 75903 75874 75902 75878 75900
75877 75902 75882 75889 75899 75879 75901 75877 75896 75878 75904 75878 75900 75876 75901 75880 75896 75876 75903 75878 75900 75877 75912 75868 75906 75875 75899 75879 75906 75865 75915 75867 75913 75867 75906 75871 75909 75870 75912 75866 75906 75870 75906 75873 75904 75874 75915 75860 75916 75859 75916 75859 75918 75855 75926 75847 75926 75852 75923 75854 75924 75859 75916 75866 75911 75863 75914 75869 75908 75875 75901 
75877 75902 75882 75897 75885 75899 75876 75904 75870 75902 75875 75900 75876 75902 75877 75903 75882 75892 75894 75879
75902
75877
75899
75879
75900
75879
75899